6
9
15
24
7
31
6
5
11
16
27
11
6
17
23
8
31
7
6
13
19
0
19
19
6
25
31
24
23
15
6
21
27
16
11
27
6
1
7
8
15
23
6
29
3
0
3
3
6
9
6
9
15
24
7
31
6
5
11
16
27
11
6
17
23
8
31
7
6
13
19
0
19
19
6
25
31
24
23
15
6
21
27
16
11
27
6
1
7
8
15
23
6
29
3
0
3
3
6
9
15
24
7
31
6
5
11
16
27
11
6
17
23
8
31
7
6
13
19
0
19
19
6
25
31
24
23
15
6
21
27
16
11
27
6
1
7
8
15
23
6
29
3
0
3
3
6
9
15
24
7
31
6
5
11
16
27
11
6
17
23
8
31
7
6
13
19
0
19
19
6
25
31
24
23
15
6
21
27
16
11
27
6
1
7
8
15
23
6
29
3
0
3
3
6
9
15
24
7
31
6
5
11
16
27
11
6
17
23
8
31
7
6
13
19
0
19
19
6
25
31
24
23
15
6
21
27
16
11
27
6
1
7
8
15
23
6
29
3
0
3
3
6
9
15
24
7
31
6
5
11
16
27
11
6
17
23
8
31
7
6
13
19
0
19
19
6
25
31
24
23
15
6
21
27
16
11
27
6
1
7
8
15
23
6
29
3
0
3
3
6
9
15
24
7
31
6
5
11
16
27
11
6
17
23
8
31
7
6
13
19
0
19
19
6
25
31
24
23
15
6
21
27
16
11
27
6
1
7
8
15
23
6
29
3
0
3
3
6
9
15
24
7
31
6
5
11
16
27
11
6
17
23
8
31
7
6
13
19
0
19
19
6
25
31
24
23
15
6
21
27
16
11
27
6
1
7
8
15
23
6
29
3
0
3
3
6
9
15
24
7
31
6
5
11
16
27
11
6
17
23
8
31
7
6
13
19
0
19
19
6
25
31
24
23
15
6
21
27
16
11
27
6
1
7
8
15
23
6
29
3
0
3
3
6
9
15
24
7
31
6
5
11
16
27
11
6
17
23
8
31
7
6
13
19
0
19
19
6
25
31
24
23
15
6
21
27
16
11
27
6
1
7
8
15
23
6
29
3
0
3
3
6
9
15
24
7
31
6
5
11
16
27
11
6
17
23
8
31
7
6
13
19
0
19
19
6
25
31
24
23
15
6
21
27
16
11
27
6
1
7
8
15
23
6
29
3
0
3
3
6
9
15
24
7
31
6
5
11
16
27
11
6
17
23
8
31
7
6
13
6
9
15
24
39
63
38
37
11
48
59
43
38
17
55
8
63
7
6
13
19
32
51
19
6
25
31
56
23
15
38
53
27
16
43
59
38
33
7
40
47
23
6
29
35
0
35
35
6
41
47
24
7
31
38
5
43
48
27
11
38
49
23
8
31
39
6
45
51
32
19
51
6
57
63
56
55
47
38
21
59
16
11
27
38
1
39
40
15
55
6
61
3
0
3
3
6
9
15
24
39
63
38
37
11
48
59
43
38
17
55
8
63
7
6
13
19
32
51
19
6
25
31
56
23
15
38
53
27
16
43
59
38
33
7
40
47
23
6
29
35
0
35
35
6
41
47
24
7
31
38
5
43
48
27
11
38
49
23
8
31
39
6
45
51
32
19
51
6
57
63
56
55
47
38
21
59
16
11
27
38
1
39
40
15
55
6
61
3
0
3
3
6
9
15
24
39
63
38
37
11
48
59
43
38
17
55
8
63
7
6
13
19
32
51
19
6
25
31
56
23
15
38
53
27
16
43
59
38
33
7
40
47
23
6
29
35
0
35
35
6
41
47
24
7
31
38
5
43
48
27
11
38
49
23
8
31
39
6
45
51
32
19
51
6
57
63
56
55
47
38
21
59
16
11
27
38
1
39
40
15
55
6
61
3
0
3
3
6
9
15
24
39
63
38
37
11
48
59
43
38
17
55
8
63
7
6
13
19
32
51
19
6
25
31
56
23
15
38
53
27
16
43
59
38
33
7
40
47
23
6
29
35
0
35
35
6
41
47
24
7
31
38
5
43
48
27
11
38
49
23
8
31
39
6
45
51
32
19
51
6
57
63
56
55
47
38
21
59
16
11
27
38
1
39
40
15
55
6
61
3
0
3
3
6
9
15
24
39
63
38
37
11
48
59
43
38
17
55
8
63
7
6
13
19
32
51
19
6
25
31
56
23
15
38
53
27
16
43
59
38
33
7
40
47
23
6
29
35
0
35
35
6
41
47
24
7
31
38
5
43
48
27
11
38
49
23
8
31
39
6
45
51
32
19
51
6
57
63
56
55
47
38
21
59
16
11
27
38
1
39
40
15
55
6
61
3
0
3
3
6
9
15
24
39
63
38
37
11
48
59
43
38
17
55
8
63
7
6
13
