13
7
3
15
1
7
31
23
13
15
27
31
25
23
23
7
5
31
19
15
17
7
15
23
29
15
11
31
9
23
7
7
21
31
3
15
1
7
31
23
13
15
27
31
25
23
23
7
5
31
13
7
3
15
1
7
31
23
13
15
27
31
25
23
23
7
5
31
19
15
17
7
15
23
29
15
11
31
9
23
7
7
21
31
3
15
1
7
31
23
13
15
27
31
25
23
23
7
5
31
19
15
17
7
15
23
29
15
11
31
9
23
7
7
21
31
3
15
1
7
31
23
13
15
27
31
25
23
23
7
5
31
19
15
17
7
15
23
29
15
11
31
9
23
7
7
21
31
3
15
1
7
31
23
13
15
27
31
25
23
23
7
5
31
19
15
17
7
15
23
29
15
11
31
9
23
7
7
21
31
3
15
1
7
31
23
13
15
27
31
25
23
23
7
5
31
19
15
17
7
15
23
29
15
11
31
9
23
7
7
21
31
3
15
1
7
31
23
13
15
27
31
25
23
23
7
5
31
19
15
17
7
15
23
29
15
11
31
9
23
7
7
21
31
3
15
1
7
31
23
13
15
27
31
25
23
23
7
5
31
19
15
17
7
15
23
29
15
11
31
9
23
7
7
21
31
3
15
1
7
31
23
13
15
27
31
25
23
23
7
5
31
19
15
17
7
15
23
29
15
11
31
9
23
7
7
21
31
3
15
1
7
31
23
13
15
27
31
25
23
23
7
5
31
19
15
17
7
15
23
29
15
11
31
9
23
7
7
21
31
3
15
1
7
31
23
13
15
27
31
25
23
23
7
5
31
19
15
17
7
15
23
29
15
11
31
9
23
7
7
21
31
3
15
1
7
31
23
13
15
27
31
25
23
23
7
5
31
19
15
17
7
15
23
29
15
11
31
9
23
7
7
21
31
3
15
1
7
31
23
13
15
27
31
25
23
23
7
5
31
19
15
17
7
15
23
29
15
11
31
9
23
7
7
21
31
3
15
1
7
31
23
13
15
27
31
25
23
23
7
5
31
19
15
17
7
15
23
29
15
11
31
9
23
7
7
21
31
3
15
1
7
31
23
13
15
27
31
25
23
23
7
5
31
19
15
17
7
15
23
29
15
11
31
9
23
7
7
21
31
3
15
1
7
31
23
13
15
27
31
25
23
23
7
5
31
19
15
17
7
15
23
29
15
11
31
9
23
7
7
21
31
3
15
1
7
31
23
13
15
27
31
25
23
23
7
5
31
19
15
13
39
35
47
33
39
63
55
45
47
59
63
57
23
55
39
5
31
51
47
17
7
47
23
29
15
43
31
41
55
39
7
53
63
35
15
1
39
31
55
13
47
27
63
25
23
23
39
37
31
19
47
49
7
15
23
61
15
11
31
9
55
7
7
21
63
3
15
33
39
63
55
45
47
59
63
57
23
55
39
5
31
51
47
17
7
47
23
29
15
43
31
41
55
39
7
53
63
35
15
1
39
31
55
13
47
27
63
25
23
23
39
37
31
19
47
49
7
15
23
61
15
11
31
9
55
7
7
21
63
3
15
33
39
63
55
45
47
59
63
57
23
55
39
5
31
51
47
17
7
47
23
29
15
43
31
41
55
39
7
53
63
35
15
1
39
31
55
13
47
27
63
25
23
23
39
37
31
19
47
49
7
15
23
61
15
11
31
9
55
7
7
21
63
3
15
33
39
63
55
45
47
59
63
57
23
55
39
5
31
51
47
17
7
47
23
29
15
43
31
41
55
39
7
53
63
35
15
1
39
31
55
13
47
27
63
25
23
23
39
37
31
19
47
49
7
15
23
61
15
11
31
9
55
7
7
21
63
3
15
33
39
63
55
45
47
59
63
57
23
55
39
5
31
51
47
17
7
47
23
29
15
43
31
41
55
39
7
53
63
35
15
1
39
31
55
13
47
27
63
25
23
23
39
37
31
19
47
49
7
15
23
61
15
11
31
9
55
7
7
21
63
3
15
33
39
63
55
45
47
59
63
57
23
55
39
5
31
51
47
17
7
47
23
29
15
43
31
41
55
39
7
53
63
35
15
1
39
31
55
13
47
27
63
25
23
23
39
37
31
19
47
49
7
15
23
61
15
11
31
9
55
7
7
21
63
3
15
33
39
63
55
45
47
59
63
57
23
55
39
5
31
51
47
17
7
47
23
29
15
43
31
41
55
39
7
53
63
35
15
1
39
31
55
13
47
27
63
25
23
23
39
37
31
19
47
49
7
15
23
61
15
11
31
9
55
7
7
21
63
3
15
33
39
63
55
45
47
59
63
57
23
55
39
5
31
51
47
17
7
47
23
29
15
43
31
41
55
39
7
53
63
35
15
1
39
31
55
13
47
27
63
25
23
23
39
37
31
19
47
